1	-33.7333333333333	-53.3666666666667
2	-36	-48
3	-31	-43
4	-28.6	-48.8166666666667
0
1	-28.6	-48.8166666666667
2	-31	-43
3	-26	-38
4	-23.0166666666667	-42
0
1	-28.6	-48.8166666666667
2	-23.0166666666667	-42
0
1	-23.0166666666667	-42
2	-26	-38
3	-21	-33
4	-17.7666666666667	-39.2
0
1	-17.7666666666667	-39.2
2	-21	-33
3	-15	-33
4	-13.0166666666667	-38.5333333333333
0
1	-13.0166666666667	-38.5333333333333
2	-15	-33
3	-10	-29
4	-3	-29
5	-5.75	-35.2
0
1	-5.75	-35.2
2	-3	-29
3	2	-38
4	-2.48333333333333	-44.3
0
1	-2.48333333333333	-44.3
2	2	-38
3	7	-48
4	4.43333333333333	-51.55
0
1	-15	-33
2	-15	-20
3	7	-20
4	7	-48
5	2	-38
6	-3	-29
7	-10	-29
0
1	-15	-33
2	-15	-20
3	-36	-20
4	-36	-48
5	-31	-43
6	-26	-38
7	-21	-33